A = [1 2 3; 4 5 6; 7 8 9];

B = [1 0 3; 2 1 1; 10 2 1];

A * B


5 * A

2 * B
 
B.* A
 
A + B
 
A .^ B

