a = [1 2; 3 4];
b = [5 6; 0 -1];

c = a*b


a = [1 2; 3 4];

a ^ 2

