A = [1 2; 3 4; 5 6];
B = [10 20 30; 40 50 60];
C = A*B;

