A = [1 2 3; 4 5 6; 7 8 9];

I = eye(3)

B = A*I

C = I * A

A = [1 2; 3 4; 5 6];
B = [10 20 30; 40 50 60];
C = A*B;

A = [1 -5 3; 0 -2 6; 7 2 -4];
B = [-8 6 1; 7 0 -3; 2 4 5];

